90 16.709705
1 16.855225
2 5.684800
3 5.666743
4 5.621295
5 5.640326
6 5.554856
7 5.571856
8 5.574142
9 5.517374
10 5.454576
11 5.443104
12 5.419786
13 5.416651
14 5.427542
15 5.430003
16 5.394789
17 5.383416
18 5.317884
19 5.328543
20 18.480177
21 1.984010
22 1.985985
23 2.462837
24 4.192459
25 5.933974
26 5.931310
27 5.926580
28 5.939424
29 5.930541
30 5.926116
31 5.909836
32 5.907749
33 5.893822
34 5.897188
35 5.907999
36 5.887678
37 5.881233
38 5.888448
39 5.883799
40 5.854838
41 5.905064
42 5.880791
43 5.885180
44 5.871619
45 5.876928
46 5.882491
47 5.855238
48 5.893941
49 5.870152
50 5.864213
51 5.863961
52 5.866244
53 5.899154
54 5.869137
55 5.847330
56 5.863407
57 5.869904
58 5.845637
59 5.831079
60 5.836033
61 5.844111
62 5.834760
63 5.813461
64 5.821997
65 5.827428
66 5.820132
67 5.811995
68 5.786794
69 5.823089
70 5.794573
71 5.813685
72 5.786990
73 5.792562
74 5.773715
75 1.893091
76 1.814842
77 1.737301
78 1.651513
79 1.593262
80 1.512757
81 1.444959
82 1.372882
83 1.306277
84 1.240240
85 1.184831
86 1.122401
87 1.060411
88 0.991287
89 0.931811
90 0.875059
91 0.819619
92 0.760136
93 0.703223
94 0.646708
95 0.594084
96 0.543055
97 0.482776
98 0.429224
99 0.379108
100 0.321234
101 0.268220
102 0.217926
103 0.167503
104 0.116633
105 0.064143
106 0.013274
107 -0.037140
108 -0.087450
109 -0.136569
110 -0.264004
111 -0.482288
112 -0.699721
113 -0.916789
114 -1.134584
115 -1.354594
116 -1.571781
117 -1.788491
118 -1.197471
119 -1.188347
120 -1.168582
121 -1.197323
122 -1.285962
123 -1.378242
124 -1.468972
125 -1.562372
126 -1.667738
127 -1.762236
128 -1.856878
129 -1.951632
130 -2.039219
131 -2.155206
132 -2.246726
133 -2.354347
134 -2.455733
135 -2.564839
136 -2.670143
137 -2.794939
138 -2.890199
139 -3.005377
140 -3.123095
141 -6.290116
142 -6.276984
143 -6.284012
144 -6.257454
145 -6.259439
146 -6.258282
147 -6.256598
148 -6.225176
149 -6.221587
150 -6.165966
151 -6.175949
152 -6.128865
153 -6.118474
154 -6.147279
155 -6.115389
156 -6.034942
157 -6.082616
158 -6.070714
159 -6.074506
160 -6.052903
161 -6.053045
162 -6.051774
163 -6.030123
164 -6.045619
165 -6.038243
166 -6.010202
167 -6.049618
168 -6.008605
169 -6.004423
170 -6.023585
171 -6.022306
172 -6.009135
173 -6.020112
174 -6.010288
175 -6.019112
176 -6.006970
177 -6.001463
178 -6.027794
179 -6.008043
180 -6.001514
181 -5.986266
182 -6.006887
183 -6.015864
184 -6.016296
185 -6.014577
186 -6.030147
187 -6.020984
188 -6.035733
189 -6.041970
190 -6.036387
191 -6.002580
192 -6.009274
193 -6.020545
194 -6.023280
195 -6.027310
196 -6.032633
197 -6.029407
198 -6.024192
199 -2.644183
200 -2.071962
201 -2.068318
202 -10.355114
203 -10.328652
204 -18.602196
205 -13.370165
206 -13.322103
207 -13.269583
208 -13.212622
209 -13.151239
210 -13.085457
211 -13.015297
212 -12.940784
213 -17.834291
214 -12.778793
215 -12.691372
216 -12.599707
217 -12.503828
218 -17.196701
219 -12.299562
220 -12.191242
221 -8.666846
222 -8.583758
223 -8.081578
224 -4.319195
225 -4.228428
226 -4.131787
227 -4.078561
228 -7.838289
229 -7.526325
230 -2.311435
231 -2.177118
232 -2.034791
233 -1.919959
234 -1.769576
235 -1.657832
236 -1.542281
237 -1.410966
238 -1.281500
239 -1.168337
240 -1.053916
241 -0.945533
242 -0.840766
243 -0.734888
244 -0.623846
245 -0.517901
246 -0.406675
247 -0.305656
248 -1.225205
249 0.095715
250 0.135283
251 0.164279
252 0.205943
253 0.311452
254 0.423690
255 0.535859
256 0.649294
257 0.761574
258 0.874370
259 0.985958
260 1.099512
261 1.211662
262 1.327124
263 1.444985
264 1.557258
265 1.673024
266 1.793122
267 1.911328
268 2.023311
269 2.160745
270 2.276357
271 2.402854
272 2.524359
273 2.654675
274 2.787241
275 2.907465
276 3.059551
277 3.185042
278 3.321112
279 3.462617
280 3.608365
281 3.775183
282 3.908426
283 4.048806
284 4.216804
285 4.382946
286 4.531545
287 4.690450
288 4.868338
289 5.054067
290 5.231129
291 5.403014
292 5.606505
293 5.814272
294 6.017184
295 6.226339
296 6.425288
297 6.697576
298 6.909563
299 7.184887
300 7.417619
301 7.700441
302 7.965022
303 3.010260
304 3.010211
305 3.008237
306 2.990652
307 3.012506
308 2.996659
309 2.998679
310 2.990548
311 2.989407
312 2.986762
313 3.003295
314 3.003839
315 3.003036
316 2.982745
317 2.982208
318 2.986565
319 2.992865
320 2.985619
321 2.983391
322 2.980010
323 2.988146
324 3.001640
325 2.975867
326 2.974486
327 2.988167
328 2.958940
329 2.951214
330 2.958716
331 2.965291
332 2.967673
333 2.949497
334 2.943421
335 2.939677
336 2.931722
337 3.008137
338 12.082662
339 12.078819
340 12.054574
341 12.032895
342 12.023585
343 12.033108
344 12.009201
345 11.981300
346 6.805669
347 6.045581
348 5.375256
349 5.047917
350 5.028088
351 5.022534
352 5.008875
353 5.002946
354 5.032773
355 5.022964
356 5.011302
357 4.997775
358 4.964069
359 4.998408
360 4.969969
361 4.975533
362 4.963960
363 4.964890
364 4.954696
365 4.976669
366 4.941650
367 4.938453
368 4.935377
369 9.592318
370 9.206725
371 8.870410
372 8.505242
373 8.196198
374 7.897661
375 7.612056
376 7.304248
377 7.041864
378 6.733816
379 6.508434
380 6.233697
381 6.006310
382 5.823984
383 5.592032
384 5.326600
385 5.179760
386 4.987587
387 4.813661
388 4.625514
389 4.458905
390 4.295667
391 4.123031
392 3.979083
393 3.823894
394 3.660288
395 3.539219
396 3.375808
397 3.236110
398 3.110701
399 2.977235
400 2.840780
401 2.717325
402 2.586978
403 2.466064
404 2.338925
405 2.216181
406 2.105394
407 1.981080
408 1.862575
409 1.743249
410 1.634290
411 1.522953
412 1.410461
413 1.298394
414 1.189996
415 1.078071
416 0.970126
417 0.861222
418 0.751457
419 0.640242
420 0.532711
421 0.425302
422 0.317476
423 0.209611
424 0.101561
425 -0.006432
426 -0.114347
427 0.034300
428 0.042439
429 0.007358
430 -1.120975
431 -1.308324
432 -2.902783
433 -2.266717
434 -2.509370
435 -2.751094
436 -2.991813
437 -3.231443
438 -3.469903
439 -3.707111
440 -3.942985
441 -5.900611
442 -4.410424
443 -4.641828
444 -4.871581
445 -5.099611
446 -7.498709
447 -5.550183
448 -5.772573
449 -4.212875
450 -4.368625
451 -4.285780
452 -2.245552
453 -2.293970
454 -2.336336
455 -2.405271
456 0.000000
457 0.000000
458 0.000000
459 0.000000
460 0.000000
461 0.000000
462 0.000000
463 0.000000
464 0.000000
465 0.000000
466 0.000000
467 0.000000
468 0.000000
469 0.000000
470 0.000000
471 0.000000
472 0.000000
473 0.000000
474 0.000000
475 0.000000
476 0.000000
477 0.000000
478 0.000000
479 0.000000
480 0.000000
481 0.000000
482 0.000000
483 0.000000
484 0.000000
485 0.000000
486 0.000000
487 0.000000
488 0.000000
489 0.000000
490 0.000000
491 0.000000
492 0.000000
493 0.000000
494 0.000000
495 0.000000
496 0.000000
497 0.000000
498 0.000000
499 0.000000
